      0.00      31.00
      0.10      30.00
      0.20      44.00
      0.30      34.00
      0.40      47.00
      0.50      42.00
      0.60      49.00
      0.70      48.00
      0.80      62.00
      0.90      70.00
      1.00      77.00
      1.10      88.00
      1.20      95.00
      1.30     142.00
      1.40     139.00
      1.50     166.00
      1.60     134.00
      1.70     136.00
      1.80     116.00
      1.90     107.00
      2.00      98.00
      2.10      99.00
      2.20      78.00
      2.30      92.00
      2.40     104.00
      2.50      90.00
      2.60      74.00
      2.70      84.00
      2.80      91.00
      2.90      67.00
      3.00     101.00
      3.10      89.00
      3.20     111.00
      3.30     105.00
      3.40     104.00
      3.50      92.00
      3.60     102.00
      3.70     107.00
      3.80     120.00
      3.90     103.00
