#Columns: Time, Dataset 1, 2, ...

     0.000      0.853      0.820      0.923      1.035      0.795 
     0.500     11.701      9.416      9.998      9.784     11.376 
     1.000     13.093     15.644     13.648     15.453     16.258 
     1.500     17.706     23.321     23.103     16.839     23.354 
     2.000     21.667     19.987     23.836     25.064     21.499 
     2.500     19.419     16.173     22.821     21.547     22.365 
     3.000     16.206     18.539     15.728     17.869     16.264 
     3.500     10.351     10.794     11.437     10.457      9.518 
     4.000      2.537      3.420      2.327      2.547      3.032 
